Time,RelativeQuadrantStability,LayoutDistanceChange
1,0.9995889496601407,1.4585051183818223
2,0.9996883385129435,0.9116293373701135
3,0.9996555626841408,1.060528654314281
4,0.9996696629054572,0.9011716826543325
5,0.9996103773636581,0.7096493663620264
6,0.9992058691059212,0.6113964546879578
7,0.9994230433700703,0.7238782567309323
8,0.9995586919141983,0.9029072260422671
9,0.9996210507738417,0.8822729957468546
10,0.9996132196901039,0.7993232697212537
11,0.999678203240978,0.7289966117208113
12,0.9996459485142911,0.7127676618791146
13,0.999604630894383,0.52032255282084
14,0.9996687269573716,0.6207466465168663
15,0.9995396580900905,0.6932345085007248
16,0.9995380706896981,1.7349865330391339
17,0.999337577542944,1.5436504403144844
18,0.999113040289364,1.0772333354541943
19,0.9988512809629504,1.2474390130878499
20,0.9992327916141804,1.2127855612851857
21,0.9991819298796485,1.4594925546171058
22,0.9993774012686953,1.2678395495403567
23,0.9992655963081554,0.8822741787962118
24,0.9992955069711532,1.1075609708767138
25,0.9990351931607127,1.309856858820608
26,0.999439366879602,1.4897374273292405
27,0.9976078104824525,3.226802961050547
28,0.9995231573209119,1.322614573272621
29,0.9991451831208253,1.465902993085196
30,0.9991825567647883,1.5309298711475414
31,0.9983736348798253,1.33556666214165
32,0.999277496591569,1.4425193381721482
33,0.9992701843956779,1.2432369408669295
34,0.9988810471630822,1.0106801252758844
35,0.9984504490910613,1.0567264411406838
36,0.9985538926866746,1.3108167241373132
37,0.9995415219162876,0.896205874981882
38,0.9984715882023174,1.1154036342931566
39,0.9963118661127359,2.4407959025325234
40,0.9992376982349369,1.5334906826140422
41,0.9977076054486516,1.6318744968806986
