Time,RelativeQuadrantStability,LayoutDistanceChange
1,0.9996347839322093,1.1227361902159352
2,0.9996840406814027,0.9836514937414539
3,0.9996578839584018,0.984386888105684
4,0.9996563850591651,0.8533868313231637
5,0.9995811539512562,0.8084153495693466
6,0.999752753134269,0.7802076044778414
7,0.9997586885730344,0.9385643750012936
8,0.9997568998982863,0.917663364599674
9,0.999728432215181,0.8631221392357687
10,0.9996934905928209,0.8951145327080315
11,0.9998025816874578,0.9475659421312325
12,0.9998214392454281,1.0079415026676535
13,0.9998381808636215,0.9127755121579921
14,0.9998011278094108,0.5602417020790347
15,0.9833130168372731,9.994495541698331
16,0.9994572172099832,201.65280549682143
17,0.9981272904498105,3.7306767478364034
18,0.987768051797167,3.1072990912102205
19,0.9983529015460785,1.4448204161721447
20,0.9988346191033546,1.2185555400937829
21,0.9986868230654169,1.4716451010970044
22,0.9988662755170861,1.511598763640729
23,0.9984067961636602,1.1264792838276352
24,0.9994828954218941,1.0065482168835085
25,0.998988779081107,1.6794477487826496
26,0.9994433129067289,1.5709788781787395
27,0.9981486962282871,3.0377843099711264
28,0.9996327898762626,1.5102178780038251
29,0.9991897688287237,1.6127567297296996
30,0.9993978845481235,1.8207826732610042
31,0.9989850325157892,1.8605261455009148
32,0.9991971747402292,1.945483663698927
33,0.9995830525683901,1.6728559910783865
34,0.9992137478547152,1.4568013170582057
35,0.999285144959285,1.6395821426085622
36,0.9988278153596205,2.0288740123726217
37,0.9989028986458353,1.0753929196846261
38,0.9988484053484997,1.3608620116174666
39,0.9970040606779665,2.3931808521521742
40,0.9982931686895472,1.3883690287816326
41,0.997888473175005,1.3578772520091742
