Time,RelativeQuadrantStability,LayoutDistanceChange
1,0.9995060373710536,1.412989452434892
2,0.9995654227109153,0.9550297799975699
3,0.9995881898697816,1.0256577961050122
4,0.9996654984782806,0.8428745109067789
5,0.9996707822382261,0.660440691709578
6,0.9994641993172908,0.6301753027309375
7,0.9994776412776466,0.7581128935768874
8,0.999547007820477,0.9030548503730126
9,0.9996295673284628,0.8879518361601724
10,0.999676909011902,0.7976739128261525
11,0.9996923392989822,0.7448359328710397
12,0.9997174907852872,0.7281258381681294
13,0.9997127855040914,0.5489356676966435
14,0.9996982085415874,0.6497466597531196
15,0.9714742131696925,10.071672357039166
16,0.9997596197793643,39.09619513692001
17,0.9839409497663923,7.421623966625359
18,0.9973816074283476,2.0542636532376775
19,0.9980195937127306,1.692437018875399
20,0.9985861441596122,1.307026875224464
21,0.9986597887464097,1.5542976548352274
22,0.9986564530642886,1.4513181877006756
23,0.9979026550844102,1.1910534803791555
24,0.9994049374226747,0.980502551586233
25,0.9988218267408444,1.4769999518495533
26,0.9993907905612879,1.4194811510350056
27,0.9977419775332632,2.6538026272525435
28,0.999430962864095,1.4049108494509917
29,0.9989676379729486,1.3970631302793164
30,0.9992896904202986,1.5240948560783432
31,0.9930279520172319,5.8022467540100005
32,0.9991777787714593,1.6156697573988055
33,0.9986801997869599,1.394168216873241
34,0.9990943919179767,1.077588354013341
35,0.9987290904388576,1.2167195270229947
36,0.9989096564948863,1.4037557594183852
37,0.9995508195672598,0.8835967780099201
38,0.9990466967238593,1.1110050264467024
39,0.9975046549190368,2.3197423006829885
40,0.998742111808703,1.308232960895806
41,0.9987600879642224,1.353960518488442
