Time,RelativeQuadrantStability,LayoutDistanceChange
1,0.999354142899289,1.3319459417290525
2,0.9992384873559014,1.1198018846438056
3,0.9994745544897595,1.0387542154645903
4,0.9994936474109063,0.8720294214159955
5,0.9992078272835017,0.8256568891685965
6,0.9993711752013658,0.696494105211844
7,0.9993327737830322,0.9046960177119611
8,0.9994278114825821,1.0291044378910024
9,0.9979421315920879,1.0239377218514363
10,0.9990076142541517,0.8689502071095645
11,0.998596121426115,0.7657721241263449
12,0.9982123574516166,0.7182890064146582
13,0.9994691450459772,0.5352846746492573
14,0.9985356944138385,0.6021866313559261
15,0.9470413567562771,14.336838116972999
16,0.9885632182823207,60.88798895937757
17,0.9615468713594495,9.855265362477322
18,0.9949124341496789,1.8458823922934988
19,0.9983889364234959,1.396882739060049
20,0.9986739587312904,1.2371072206242442
21,0.9990084134566192,1.522223927993376
22,0.9994033941086954,1.4605669143871618
23,0.9992449910139544,0.9214211750629308
24,0.9992081294902273,1.31588362873029
25,0.9992065653705442,1.3946035114271242
26,0.9993179553007592,1.6211334669562434
27,0.9963514040216692,3.037764991448137
28,0.9992948486575495,1.473800092582516
29,0.9990799440161152,1.5681246507560362
30,0.999310716014433,1.6643901300376156
31,0.9939923373408789,2.26950602093639
32,0.9993748500908678,1.4838133495183714
33,0.9991562251508215,1.2807426038695113
34,0.9984590661355597,0.9649347264619036
35,0.9990745612384748,1.0397585793550348
36,0.9981625662331791,1.4961347702657257
37,0.9992023400620083,0.8602765442785268
38,0.9979188788100872,1.0562797981512202
39,0.9971938864792685,2.710944373599721
40,0.9987448603535405,1.5314630182218563
41,0.999253403785789,1.2893644542106648
