Time,RelativeQuadrantStability,LayoutDistanceChange
1,0.9992663102894463,1.2443402247548128
2,0.99932954312165,1.0037708709438689
3,0.9996784416503697,0.9439431386669918
4,0.9997356161556048,0.8153877299939791
5,0.9997145909423752,0.66376440940256
6,0.999627496562516,0.6081489084871454
7,0.9996319437948377,0.8329769441981736
8,0.9997162952246947,1.032852477053344
9,0.9997093627860226,1.076075881286337
10,0.9981646661082991,0.9278080436043423
11,0.9997354083904793,0.8852576617933302
12,0.9997469099509151,0.8553188103680814
13,0.99968765137509,0.5887216087202349
14,0.999498200939377,0.5414415082160687
15,0.9357193866718712,24.507230509679616
16,0.9994157697320081,19.794533766685955
17,0.995891208160292,3.2001530913353786
18,0.9903602385660365,4.620168415161772
19,0.9979525811782436,1.346087238237102
20,0.9989529561383742,1.108960269604361
21,0.9989392236737491,1.4269008906263656
22,0.9990221765331287,1.378863260972172
23,0.9991380925546833,1.0095292714151392
24,0.999391289343768,1.025037156800025
25,0.9990559698214859,1.507300852445411
26,0.9992808686532993,1.5431849832454994
27,0.9945924656859182,3.3724476660631524
28,0.9988545202610414,1.4654200685242518
29,0.9988151220548273,1.4962102441368903
30,0.9983225698118109,1.6834695994375535
31,0.985352100978771,6.094595383833394
32,0.9992039633454146,1.502843189696799
33,0.9982229536611459,1.3628419298938113
34,0.9986007046976856,1.1057815107382323
35,0.9971659448946483,1.25045713540001
36,0.9986345792980842,1.3402115913292747
37,0.9994380675981145,0.9241750053449953
38,0.999459469559752,1.0299114706795167
39,0.9989512470696623,2.241577693897785
40,0.9995637831027931,1.3506477699225816
41,0.9980685230588906,1.399270394748338
