Time,RelativeQuadrantStability,LayoutDistanceChange
1,0.9995222181615465,1.17005918435204
2,0.9995052540884911,0.8322216213696223
3,0.9995530165404729,0.935303608090435
4,0.9996011867210771,0.7982616764484607
5,0.9994943610702416,0.7399777564021527
6,0.9996735333660185,0.6896925459531296
7,0.9995226102205655,0.8114513973623411
8,0.9994180350027503,0.8437438414095731
9,0.9994287692135897,0.7614702198053399
10,0.999339678261734,0.7929545557252986
11,0.9996607462273281,0.7246565171070983
12,0.9996869074649766,0.761124763352074
13,0.9997859519153467,0.636662211825194
14,0.999563631451198,0.6427323494160311
15,0.9284159495464853,30.058999707150132
16,0.9990891628569867,5.097318815906161
17,0.9866866214202321,6.628204264650219
18,0.9888757475824561,3.0769122164487563
19,0.9986837850359299,1.3500922278794696
20,0.9985282434884679,1.0716237085058682
21,0.999027917531075,1.315480197538453
22,0.9992073607464844,1.1955876503495846
23,0.9991877353078822,0.819656378927287
24,0.999435445446355,1.0396555975881552
25,0.9985094349771774,1.2454134980415854
26,0.9991782049362308,1.3657288952115196
27,0.9982970128616119,2.9766141865192832
28,0.9993977646303656,1.3017036484821018
29,0.9979280239413685,1.4529248848491627
30,0.9992928671633707,1.5560657258864128
31,0.9990743604905321,2.1551193420110866
32,0.9993696994171973,1.4922025799818524
33,0.999419383053741,1.3059925480453443
34,0.9995342507780092,0.9954107176467349
35,0.9993885402076997,0.9899561895473097
36,0.9988658185488938,1.3567097291758468
37,0.99968541312918,0.8332347351840427
38,0.9994863955902102,1.1749288296276374
39,0.9986934240963238,2.316209088349474
40,0.9996627851897629,1.25710210261094
41,0.9986054502927169,1.370655333886523
