Time,RelativeQuadrantStability,LayoutDistanceChange
1,0.9996434363878095,1.3634825154530978
2,0.9996976983509955,0.9618809304903951
3,0.9996124219394708,0.9825057298733707
4,0.9997442064281943,0.8226050927660972
5,0.99973023505487,0.687535136531436
6,0.9996535417078618,0.6137859165538949
7,0.9966174256356498,0.7626970198333729
8,0.9996996093205214,0.8617949702898976
9,0.9996664901314781,0.8734315264852054
10,0.9996864381345204,0.8252387982732525
11,0.9997449417312058,0.7445051685234884
12,0.9997797089157549,0.7170935099571542
13,0.9997682386300488,0.545607332261318
14,0.9997504917775666,0.620098570068722
15,0.9880412764122062,8.053385715831864
16,0.9996141089803164,1.8081775709237633
17,0.9734342149965762,12.283569086009177
18,0.9886508101670046,2.6850849347765355
19,0.9977088931640611,1.1956939215191482
20,0.998709423563003,1.2843432108821697
21,0.9979792139799184,1.4201211791358528
22,0.9992306315705786,1.3869174367394588
23,0.9994824910068588,0.882358744754591
24,0.9993584761919324,1.1249496469914515
25,0.9994819948988818,1.325798208491202
26,0.9995472048032942,1.4477742600380648
27,0.9988238095233148,2.5987069476133215
28,0.9996094492621231,1.5156830879738026
29,0.9992254382237018,1.4744143309752633
30,0.9994208427571424,1.6027514588273182
31,0.9979517003847695,2.0428968761559574
32,0.999366503587416,1.5639960645133277
33,0.9994164624477463,1.360139814782445
34,0.9987880839242063,0.9863732719112913
35,0.9994793572138991,0.9878417494310795
36,0.9991171837809165,1.2912983002893426
37,0.9994427994739208,0.8699886850865604
38,0.9992328425286012,0.9688962205640027
39,0.9987102922564711,2.122198008103287
40,0.9993986308731425,1.4016887075789803
41,0.9989331000012693,1.388012568679974
