Time,RelativeQuadrantStability,LayoutDistanceChange
1,0.9995062381407832,1.1671663838794435
2,0.9995111241930928,1.047694458994924
3,0.9995378028377144,1.0427427599005927
4,0.9996271105596433,0.9212094252502102
5,0.9996394578244656,0.8239304860988999
6,0.999674541696911,0.7247431665473948
7,0.9996438465942721,0.8573112530586157
8,0.999722915779743,0.8629195604260435
9,0.9996536247589991,0.8125861537976217
10,0.9996504371225869,0.7852642016499217
11,0.9997161027503284,0.7930404601691731
12,0.9997364083648683,0.796234836343891
13,0.9997449723011881,0.6816518688823778
14,0.9996692680402616,0.5185805144518988
15,0.9808369763618215,4.508082108606474
16,0.9992649989082516,61.87473766967694
17,0.9708644159901523,11.735990043626071
18,0.9904538257607491,3.411872539455675
19,0.9962812694703956,1.3975148396639296
20,0.9979675589488102,1.3824816577162735
21,0.9985289387753498,1.732309896406337
22,0.9985450840970004,1.4907679831563756
23,0.9990198747063115,1.068454738562985
24,0.9991326138721102,1.0680393856240307
25,0.9986824051503499,1.603217904493605
26,0.9983175692319823,1.677342114656426
27,0.997010844174149,3.5146688564679143
28,0.9982717688745122,1.4713477107679023
29,0.9987137644597636,1.5195551943973526
30,0.99858776442175,1.7443816008790138
31,0.988163434199245,5.695871170607854
32,0.9982491547852852,1.6510924970669465
33,0.9990400488233725,1.3767579979877869
34,0.9993058733880174,1.1066619073256982
35,0.9992311434535899,1.3420101561893507
36,0.9975897798732035,1.1616191875927313
37,0.9995815329128481,1.1574685682966384
38,0.9982817666269385,1.4564056824148839
39,0.9967247563594944,2.8501486770387388
40,0.999374870808984,1.6884611126138582
41,0.9992247416829406,1.636777491084926
