Time,RelativeQuadrantStability,LayoutDistanceChange
1,0.9995957605821044,1.2565961768342244
2,0.9995279164001958,1.1530222513297779
3,0.9997067433218805,0.9849619135657275
4,0.9997076147186938,0.859227939822066
5,0.9997178607909687,0.7059028672761554
6,0.9997374838837545,0.6968177707215798
7,0.9997140569238593,0.9217896508509117
8,0.9996388848292146,1.0811160808003382
9,0.9981010668997198,1.1335048762441637
10,0.9996561174545421,1.1271331757670966
11,0.9997502121096549,1.1095729191452017
12,0.9997871424377246,1.1358560831183284
13,0.9998437339803514,0.888870680246346
14,0.9998228935782957,0.48719425547533585
15,0.8980560053197283,47.23017808910962
16,0.9998053289058202,78.35924292229254
17,0.9876469468904094,6.160033955567302
18,0.9868288526027679,3.213341324433345
19,0.9977030033721943,1.3695566851054708
20,0.9982343886779311,1.0745413534057902
21,0.9980857948881174,1.2558314960326435
22,0.9984053664795636,1.4001290911210793
23,0.9980075926293017,0.9971968153063696
24,0.9987089853662631,0.91661965294616
25,0.9974375350620874,1.5636146253415146
26,0.9990835363734601,1.5285993253156906
27,0.9964093449989055,2.2987319467171137
28,0.9988915806103589,1.6490864182590264
29,0.9965998774814172,1.5849219083106856
30,0.9987779962196234,1.828117139542704
31,0.9956780018025079,2.3439743572648
32,0.9989008551066205,1.7950014236630867
33,0.9990351580542918,1.5702731659040092
34,0.9992404662174262,1.2657510421517342
35,0.9990274369857923,1.3971926905370193
36,0.9989732672428303,1.606307754146864
37,0.9993460530362253,0.86403692079008
38,0.998862042543424,1.0345324161771055
39,0.9955775778469933,2.1341151008417882
40,0.998995173109675,1.1579657283697828
41,0.9990040943044326,1.1244145819326048
