Time,RelativeQuadrantStability,LayoutDistanceChange
1,0.99753925803068,1.7409694451805704
2,0.9976435978908522,1.176038551674571
3,0.997890851185954,1.2769781067366401
4,0.9994316534926291,1.083120010217791
5,0.9992674494926057,0.9846882275110483
6,0.9994315485995924,0.7747342676297827
7,0.9994528384487168,0.9519753999045765
8,0.9994858899203928,1.1936607353888118
9,0.9995510757608866,1.1234270896760095
10,0.9994976098931553,0.9657233215218839
11,0.999686290048336,0.869949896449431
12,0.9997260221320544,0.8108531559920311
13,0.9997843545689739,0.5478554755830184
14,0.9997285863542421,0.6023168743425851
15,0.944197409219882,24.63390838284141
16,0.9991635601541922,50.71213292614662
17,0.9692424276856132,7.736546824455323
18,0.9971839146360656,1.83805125659152
19,0.9985822252769234,1.1996919149103287
20,0.9987097629701004,0.9931232897487016
21,0.9990182493680044,1.1874243089839909
22,0.9989589869212419,1.1868778170884993
23,0.9966102413514365,0.9324553823778846
24,0.9992728787410553,0.9622490538100171
25,0.9990248454732782,1.1598318598448751
26,0.9989568925920544,1.2889496809780194
27,0.993693531045222,3.1499800091222987
28,0.9992818438611396,1.3255901062961444
29,0.9990363582382572,1.3691092305705597
30,0.9985740808892062,1.5228492580559838
31,0.9944614776953912,3.003724514042528
32,0.9991101410928493,1.4322980431411172
33,0.9992269610345691,1.2764403734043268
34,0.9993077292372871,0.9633766430285543
35,0.9994524167601309,0.9914281619072929
36,0.9986600895675554,1.368379019282678
37,0.9996053940639709,0.787955369340671
38,0.9991581346839715,0.9608542760249505
39,0.9987340814465463,2.0622966899236586
40,0.999528881840467,1.1840109154283778
41,0.9990083577218352,1.2856224169823176
