Time,RelativeQuadrantStability,LayoutDistanceChange
1,0.9994999856791594,1.284225146531232
2,0.9996804616227263,1.034690218318773
3,0.9995614327073563,0.9661916613011143
4,0.9996366562333187,0.8254608126275211
5,0.9996904018134329,0.6828232939409332
6,0.999596645533622,0.7034875463414517
7,0.9995095097265637,0.8917037274260274
8,0.9995334276766276,1.0634629542688012
9,0.9995547621814866,1.1041766252229217
10,0.9996113745325916,0.9429733716817416
11,0.9996673003019294,0.8941894020856449
12,0.9997003097114131,0.8529247550303577
13,0.9997398916668566,0.5924826045050704
14,0.9982509524959283,0.5020175919006917
15,0.918791946265321,37.79989793643415
16,0.9996737914058466,79.32368113957483
17,0.9693135139326732,12.512821309313887
18,0.9888516145258293,3.3720932957949756
19,0.9977911983166456,1.3541230509688964
20,0.9986779858418123,1.2508633002086909
21,0.998111023049144,1.794407050629845
22,0.9987184365217897,1.8511732505314473
23,0.9991489194453941,1.2789038056726185
24,0.9995250061194318,1.2639123857635763
25,0.9990846574169053,2.0267451613047025
26,0.9979205558859254,2.020161142599628
27,0.9966868225547045,2.811133822798614
28,0.9994428228562245,1.9494793318460246
29,0.9994178080311458,1.7264700827620358
30,0.9995324484531054,2.05378029259869
31,0.9965816873925623,3.1753047471314244
32,0.9993421971545465,1.8952582545181902
33,0.9994762194299077,1.6365180306158196
34,0.9995412665512343,1.3518878520019724
35,0.9993773294944892,1.5656491072926395
36,0.9991075630582064,1.200712698610252
37,0.9996593300400547,1.1267850747320212
38,0.9994894894021763,1.279770478853797
39,0.9964157224340708,3.087087717452846
40,0.999661947754108,1.5792499519277563
41,0.9990561507337845,1.4811651279076947
